rand_num0,rand_num1,rand_num2,rand_num3,rand_num4,rand_num5,rand_num6,rand_num7,rand_num8,rand_num9,rand_num10,rand_num11,rand_num12,rand_num13,rand_num14,rand_num15,rand_num16,rand_num17,rand_num18,rand_num19,rand_num20,rand_num21,rand_num22,rand_num23,rand_num24,rand_num25,rand_num26,rand_num27,rand_num28,rand_num29,rand_num30,rand_num31,random_seed
1811693119,355190902,1826202840,169930731,535355691,1459987915,306260830,1170020336,2010720910,573523459,546193109,637804051,1571009912,838317606,508962458,1763724547,968872688,1516753532,1979430991,255526424,893896876,55135954,1076432186,1243036775,364870042,973844631,119055592,895529369,77379992,433253216,265189981,1889073111,788444118
2091392821,2059003842,1323799809,1403897089,217781024,346336497,1267134351,791304483,892529606,1904938402,214830747,1730847212,266417212,1978555294,552236253,1783170745,1810502638,807762677,529583973,1865638592,1884194864,1772620749,83024987,710555847,1891676341,978554356,787935839,177445910,1243744338,529525303,965890028,1187653511,441045497
142206190,444066952,658826522,488542687,1711201303,1450131005,1381072294,1468656057,1664961753,964435858,1735073270,1496033399,1516672111,1370760367,1159052389,176951141,1900344340,877207334,2061146005,1525481441,960232321,624218204,1269674135,1938786677,1412154043,1447120045,1035047367,1941679346,265526425,75217231,235241196,407732615,519284183
894067718,896275303,83001839,196715075,129863949,1551657896,1861676828,1094299807,1139247518,1210226580,463488271,362524237,221795321,640439412,115384930,1099002655,554101769,1640866371,2059234976,1178319973,763056858,1850538006,442990368,62693255,738101725,237186067,328219681,813318956,472427263,735952296,1332603140,1366494981,1632227599
1415604979,1563210056,1762091548,819779227,1277403237,708907708,1959026746,340146169,1172395979,174067335,561941490,1812835391,289452265,1660944146,219453512,1930318637,1572695474,1397773485,545891847,1275749832,1840763853,608585103,2013851558,2077949920,936804784,679686866,402893535,1672757080,2012290006,1769388516,1157501032,1280411337,1185114925
772108932,2100190565,315034514,1481016640,1911733663,655180683,505928971,2085800998,1217122173,171280714,227769616,730582671,390734226,10604605,155794498,1788507711,556496452,1431544330,1481787917,1165081555,1297912240,1412254189,2101886339,1977599107,1815147725,1627159772,1842405465,1437052593,637177156,975333155,474683870,1409286088,928040072
789718384,742819081,692290087,1444899067,1248748052,630607437,514537593,1420028767,858377053,1245120264,1810762993,868981658,1400914762,1451787057,1425478111,684975445,786091326,443076018,1982887685,50861867,397478710,1813003144,1866009592,2024638482,1507924962,1155578538,514331990,335774469,1630262408,1923618078,1263814541,272497145,518953511
1956104628,1717396212,1767701564,439228417,84450157,1040246683,1297605471,1329570422,703526028,19103481,583001536,7829437,1444581592,1267976981,793920763,1887657611,1103381019,844782631,137652673,768900515,563308575,14807507,129341829,1718887113,529139497,465116298,1201665874,305273927,1728930839,1474163019,824227439,1537551819,1044075583
444445355,1976780237,1128525741,1484692038,1126902060,310612515,40734418,1146005541,893614051,48563856,443103486,14107385,842484619,183277449,1117488404,1687267250,320930122,1886388919,103092178,335737629,2015730749,1821979291,864877126,333363399,876161517,1170151053,2062294239,202840888,1994378492,1452362410,1246916472,291340199,1281658999
227958565,1776032237,261077411,538571080,1816766656,1407082953,1432185131,1865330512,1850186439,1446292516,560331483,2033463888,416297272,100115086,206910362,155202544,203207264,542647991,23449645,2025186555,1407525117,356813044,753864425,430192522,271623635,956705313,277087367,1723986046,56138137,568427566,858161397,284096702,196976156
1119238809,822667782,2013742812,378838114,107369266,1731589676,81540905,1553661782,144437511,2115004793,1969959055,244552597,174431507,2125161599,447759861,717079498,1127596,325462769,2124604615,357940640,1079327194,407313489,629564276,2036032507,684400856,206066674,2092170645,1252828423,1064228071,228783699,1449804579,35983232,1051451482
1316063743,414821346,1158820748,900169771,496362251,564998882,1044607282,463883396,387474289,1289159880,638314903,365152240,1736919741,1355394401,366279836,2062382510,1332515368,724220477,994226056,1739828858,1353784753,882774916,276746066,1559851427,827461913,1529574489,476595850,1056245612,831895420,512579083,2107697094,475515,927400429
1119034194,900645286,1423762681,1684033077,1945252569,1887646077,2071507366,1086928801,378477333,289175959,676364894,1733871734,655455795,591263757,918903455,1379676272,1585489813,511248665,585977377,320781081,787994731,2145828804,1148242994,170085573,474941007,57004959,1001980993,987520090,17218405,1002456509,1914920519,1136252600,1903101795
1191199552,672802029,1700870716,931361982,596825747,640315869,1309839315,886001706,1316680764,896227401,1541457502,1907944521,1815130856,773650126,1345950686,178895873,1359627504,1666731768,966890605,1357972660,667491114,1136976178,1832913667,724496073,2138957171,672950109,741714479,993930032,440386981,1877967079,749548180,1631586533,403285460
302935248,415464867,1000111207,943251118,1725304182,1886112914,112448234,474047936,1280086768,2020392755,141695144,2053736894,1218859793,320591018,1265880750,738107913,1287481623,476369763,1405599028,276974153,161799782,2130095101,268447676,834749892,724325932,1262377709,1275136873,454809363,2011925889,759239758,858094823,167377489,1174704626
1858206031,1110628607,752525160,1596835297,1223076841,1226573096,729438417,1095985948,1368268241,635691663,167362094,1688859259,1901572414,905470007,828857234,230458529,163585387,1105831387,392258311,146196841,1374279063,1227008203,870522773,489173124,354661428,1325332137,353615365,1113901187,35943312,520992855,141122165,1894149343,1631621462
893647325,1343500992,707214656,2120220422,2072939409,1803200604,1341005015,561147425,1970562698,882380626,315236191,728549058,1711237860,545694720,892134445,669585599,937953031,1038331286,2043864662,17477587,1908854060,385554139,372139015,1086702549,739169504,1486040202,1122645861,1260162359,1627162367,869311557,744300174,373326045,65328901
1451514830,346062819,2138268311,1107231786,1687067834,551932088,930310837,421964812,867168279,1658859895,2133202672,1412862999,403510692,655304623,203332382,1441841979,551685637,220809969,1203212391,937239776,592948985,142431292,1676409281,2078989187,1265077153,789087992,1558667907,2134388710,1533388166,1931993952,52233964,837419348,130573123
43018627,1944651135,1817640957,594950715,727478324,92122121,1462118994,238854571,77841145,727498345,642365263,733145768,930830727,2084207242,1284831405,1151640697,1139935985,74587534,1744589682,1282367277,1750996815,1676095221,399960783,392601159,1087279480,386865845,1925989326,871789784,439099809,615925026,1002362907,482118436,413092513
672520216,1077069151,1140570837,764642337,391704497,1379425408,842483482,1119202842,2021790672,1575629250,2050033570,1958514266,712977008,1054190619,950966604,787564542,651296653,85850233,391077709,179908226,485811016,783678868,1267187707,872676862,562184546,2138977491,1311776671,1178109573,993856751,1793895108,1591202086,1666376967,723480611
584289276,283535657,1115185109,1963714684,1126019139,86904303,1838021708,554164742,2136937873,1649052327,1267141750,1043644844,452535283,2054706292,1694941497,538385516,298300353,1874849724,1024196533,1081979221,994553783,1896873395,1644163768,986047626,1061166418,674789693,1979904377,707577878,118508131,1498797697,1431058490,702797407,1782333354
398759951,519028444,760868845,485664254,209566504,1315033587,475118480,1858618831,434691689,1518763324,163670466,341914333,1066221174,702055983,640214686,793587250,1726252516,1722193908,1788141033,1475642263,1218874028,626705011,389325033,1893663721,459125741,1096902912,2012171852,1957923438,380477754,567485612,1592773144,779237705,1086514056
206158341,1264901959,1296080560,1521191929,1740020439,1007215744,1955883618,1111300116,1170886210,150314304,30037642,1872942193,790528990,823624892,1451711061,365239250,464282277,779869676,1584113278,1090987288,1169194710,1330293351,1550113029,118613974,1194981556,1360552819,499091728,1762467168,805842315,1278329433,701497576,1012000657,395747744
1997578136,385708938,2135768184,857310232,194108908,1099584652,2028196443,344423212,1129622294,1753654988,1134952203,1953247186,1057882402,1500191453,270045815,1837752078,936821084,1361033103,859463140,119630787,763662485,978077114,1314612343,2124215304,1477168842,929595863,782573972,608014627,1631093439,1794574629,1003762372,1481187928,32799919
992046908,191014512,226908827,2091631560,71727307,571332040,1073770206,1825382296,1706284243,879533744,735781050,1058992048,1149579559,426049480,1995813132,363129014,1285512621,2115443920,1126791499,116106087,1282572615,1103523156,1593274930,64684831,1886097128,53805909,1695778270,1533188109,1057568281,1029482550,1565988028,2049615189,1220497063
1792896855,1993763101,1292224370,216745247,920049659,970123018,1923029490,1799583403,1705904068,834537891,801679314,2131953549,682867375,1164808329,1269982522,650827647,144116180,1386088609,1933400263,1247639336,831879891,1998085094,986252816,885685801,1546379716,371957277,1943254082,428378619,1937945305,1845385624,1648875682,1583358513,1691665077
793616404,1800103760,464231089,1763739423,1575649603,116330844,1322159843,262703846,918010159,1306629744,945571221,2082818488,429128618,1596398869,79451020,1815217228,1382315484,1327090357,499613471,1232916930,165859525,1385299272,631812998,537816803,1181069707,1060191617,328278460,878971683,561583651,1911636973,423153112,1355200056,1564257086
887384201,971455831,992423041,1003715046,146132026,1255126887,1921725205,1452761771,53214460,1857060045,1881890389,1649613329,1936511065,1549623969,884445165,1116117774,2049237441,2117362095,1281977300,1287053065,601691446,1819794103,320639124,1661883063,588915,1199610807,75983067,1912225889,1622763920,1431183123,1328999327,362664473,255155306
173938720,1366379519,401287332,1429065607,1140621076,1854049103,1482280067,850197473,1588455845,984409749,639224891,990596166,1868854914,1755342665,892349959,1838733362,889836317,31919377,292941160,562146772,352558501,1954824223,562735688,1552169309,2030807290,327477929,1027449581,1314506765,1656477256,1390114054,1569662071,1830415976,609009926
1970949404,1111997935,1749631002,1677514859,446794354,452344828,1118487056,1431204103,1091569719,2109083223,1152575370,699428736,853949534,843825084,1589265054,885868911,1136766244,3928178,1238427413,944106819,566663866,643113074,827430462,894141795,1670562655,2141937227,403135403,913193061,1564115651,86067731,1522202987,1387581407,1198065666
1124350342,917612618,1644860021,1576695170,2036099675,928580476,520781241,1997699250,2081155846,1220209977,704165136,777497282,661991383,1590034048,1914263526,665919562,680977813,710886698,1232583428,1324090887,1538317160,2126725224,847169894,1532770739,382376979,1760362955,949402742,468444711,1135082295,189500501,1666510377,111948989,1107113120
1163886750,1688644159,995729147,2092467227,61941752,845944749,2026139425,1282151729,1550109885,656153060,1944143113,992660285,422932938,462579027,1673638098,1133819636,1695162455,850245337,524653148,1674404031,1697415231,2057423888,2056781011,1310294539,859342982,377742074,297893186,1048843484,2044252451,409842175,8472956,1060655554,2098486334
1004202103,1005639133,12944438,1850146852,884294910,1295096167,1252773089,1540447970,1091755632,97949727,1963380909,1554334659,1771587825,949716897,1102013467,474349515,1474370046,628933850,24281098,1384310286,538231213,1334575637,96169620,915973287,1632468823,1145013104,812742091,2042310998,1153486060,1873397645,1993313684,10204515,731553130
2006258122,1860351367,1615848040,1153870642,965640809,1008812363,98142626,1063590536,824709624,1652477286,687694713,1774426521,607007105,1162044228,1101312919,1235940955,1186325327,338139557,1774172169,373417316,434309178,542661808,2005886140,1579322282,1355403899,1900713490,585324695,1081317896,1746543527,595529210,1812871026,1605318001,308396930
1281235419,611704995,1274037739,142564134,709847622,190144627,967273758,214841260,877839340,594216631,821848365,2039883569,1695529551,2057789320,1078725248,2033669108,1684477841,1452142564,320494638,79656002,1310545056,1899816921,1435059901,1063774899,337657968,368894150,662834778,933187178,34281528,120669131,1241584108,1315516947,732374127
368138199,1458081081,1442221749,558282826,277871191,1657063009,1436122167,872087823,331427726,1328522088,420133726,241733398,259763688,306319186,1926211240,1711906252,626813825,2005867242,874967661,379147098,1293443495,1938742560,716805066,1662337645,454093690,1649992244,1696619174,574762821,744092705,864652473,1307136948,1112230904,175249907
601875049,1670513731,453121098,111454410,959152250,1325208921,442882136,140190690,1745342647,684615535,399954378,2051661834,463343127,2111860630,530992011,321726721,839344643,910139109,1615170216,630603555,1626944175,1130024214,1084697245,1129452771,679159740,1659460067,1873545476,1543812213,819113367,838292733,1719062120,1420988417,361322816
24699571,1532442827,1320475066,1349908492,1975324964,1460665756,947767492,512456851,1860620134,851945678,975799978,1824997116,1382937689,1297526699,516858112,145593150,765213267,1147461667,1772537325,1895237481,84675265,754506448,426913573,1744135332,480568277,1970725787,415765051,1318861010,1542304259,1836753468,1680183826,1567003830,1221712648
853175244,769428675,1049553964,166357352,1717196167,1562010815,2026977486,421658197,390327145,1704490954,1804595886,1687853844,73865418,1950189036,305583463,1221327086,1575242713,53337297,1306002351,182265513,480250870,902654035,662833790,303493009,1318419086,1981694800,1845797269,1007688907,1514394978,1265317451,81917907,220086574,2034746126
1131471871,386443926,1604458645,545999038,265937764,2026116842,936326183,1970428719,1683229080,476696379,2044294137,1485934468,782279842,1118137575,913693533,835617139,276656278,1095959047,1315868010,1179310313,1758792837,1619361019,350245752,1593003990,1317674640,1357934659,959915320,435508444,1439852566,1180001895,322770922,423840789,1566445821
1927229568,969839827,1832383586,1805862762,1906166010,1655328657,1341608195,235378741,1552139146,680059015,1017658583,522793074,1593752549,1853275723,799449352,542227948,1021660085,1978759666,153537137,493537456,181521770,1746541127,1811212097,1539456429,558972800,99236893,831825347,1738974695,422007815,1255666136,1157936868,201753735,78022315
842836806,2007616498,1984188325,350681815,1201741045,72083418,1902820962,1881800060,1089742001,278130388,1328068961,795534076,1077579740,1870296909,1817194161,908855758,2023834047,163247970,1090377528,1622891526,1974460067,482350309,34380678,2073696960,1314175656,1773355373,348221127,422358144,783808594,549974863,500380459,1626645400,410107713
337085136,1977327216,1611848758,409168554,1732664530,1346165170,1498910556,2010794918,526750484,146960984,940891010,249563745,1964155146,1849746769,125914144,2127403116,792640649,1748805671,1954379535,1274990959,1783186349,1880592847,441682967,1409058075,81330326,864041112,45383021,631305189,1364421571,1672028421,1041412902,1701506708,1501871989
505778012,2110675262,1087052871,1851943183,1462102170,950364141,231210019,1609063155,1891255152,480773764,1425734653,1593518273,606687909,1405654121,238675274,208009932,1212550008,1513666233,1991196281,945659207,1955349201,1252770708,1026989533,671906665,1298153729,1658294723,2036328236,822698503,552223977,1590351296,177086844,1058001990,1553542911
1264139716,762461525,868161433,67020209,993671544,329740940,1958275361,1474445308,1755475593,1404309986,2081133217,1013646066,1642985261,141659501,78712426,1009167846,2132855783,1024371633,817033399,1238142843,2051361167,1488940064,388812925,1562172242,1377784653,1211511428,2114396219,820652301,1388598272,1024914561,226711564,505254340,1787376086
1094872998,572274550,633563982,1424613938,383066263,2108009291,1032605884,1787376250,2041658860,2046251950,1282877863,35834714,2124964377,144562061,21206849,1001852362,961595461,1259349692,905729881,303051877,1648162617,320418475,1680836530,712190397,287331047,354005184,2100788670,1312245608,580716748,458559362,952138047,1675589746,1030833912
1585702029,952720037,1413900176,1546227672,1985325921,1053792778,1440402885,1884094223,189186993,1476237599,1861574952,333749054,1497444448,715943667,1295344515,609310492,1621673548,1598396393,109989462,1942092024,1131749275,822179859,81939423,1485754459,775484881,1394185031,2066471208,1234044244,198839430,1594577306,117394508,1784541460,399813695
1531294684,1183285484,237655968,437603814,476204721,2121750192,626790807,1952442320,1835841496,960539862,1302403120,404301515,108400729,1911713613,2025975064,1706797122,2021703075,1820583440,691062750,696399286,1902522863,29333561,1471884168,1149224246,2095804769,558444764,1348063677,1542898428,675839272,985121489,1942712123,59650309,20923325
32884444,497254123,497128047,7150988,1124044931,302086719,1842992484,2084584793,1604489840,99810352,45501874,1368719805,2125785416,1752298997,1242939232,1798885208,295878099,1939338518,1553924423,325211660,1263739038,555665021,273532782,1822183802,1903728698,1816431210,350539427,741366539,1611659685,410189736,762289865,1644544129,907443859
1259417912,1651695117,2031488790,1561504631,1347203954,1968589935,1018510823,1447014306,2014091810,239746980,1425316074,1618907159,1482686212,1076717634,1914785258,1274541083,483158409,92513270,390796473,1038823430,366046052,65496628,795068481,34993614,416036055,1536435020,1646653300,826225791,151241237,1143713781,1733669650,1410659149,647925251
1617674793,824680133,1995129205,1438781080,1843190956,1294659863,1305389242,2082937937,572492289,776812753,1418140501,1649209923,544114363,545197936,2132368332,636627634,935994410,1023708114,1002673686,1001491038,1818776595,1037667301,1417527093,1207727968,536836953,96269236,1358969205,1680550734,1829938886,622144707,180992337,1300130031,1446824840
28637894,591427464,1142532148,1323297757,1896816706,1077986437,1895790046,526145812,348643291,1397516321,1070260175,893841227,1382401005,1706887809,1829835637,258625472,562077848,683843027,2077402067,1599745149,2101370120,1137646387,2136582102,50155708,349131945,1669649188,1880094595,971276652,1850641526,1032740978,270617844,1879279420,1624168442
1413149992,1055093530,1373501501,343652782,803399928,1899647313,692296073,53432602,822423840,1586137300,1435833607,381828002,1268489290,1694459079,943905850,1952332317,1624377499,396167351,1906218790,614540238,385265805,1956374498,963672183,2054914993,1688985445,1934948835,1758072871,574242776,58083031,1489868644,50927570,1471233024,397478526
1424429071,1814885806,1200878454,1176592736,359698231,1254311056,1999016577,1945835531,542661016,233360931,1066841173,89636447,1177266781,871689843,1714013946,1573434132,630424985,181070537,1958699937,439315835,1144742720,1866131282,2128301281,932207908,1476720506,555060409,990290939,819105502,605987979,314040315,1216584028,2030417051,2128926121
269978834,1059526139,341140704,1524289891,911059068,139492588,2066950907,1144419999,1206333761,9103706,174203132,2078023604,1723117653,1747637264,560964941,1904188190,1558853553,1000280777,901447262,1277501188,981098410,1833655170,606738046,1536158819,676462462,1425843548,2142146798,990502777,494943928,2025080201,971945251,764922762,937122693
1313085955,141729005,1848181761,1452578543,61196264,845118113,511428657,70299971,1019321245,441968613,1793417624,619474862,1002933555,1550122166,30844767,2003214332,304085780,1308345955,836829094,2137740951,1915084001,225504265,666719765,1193443901,220167415,1657222542,1688387829,97763969,481684145,305826944,1034886662,1794770101,447555949
735584775,1099864996,508752214,1580702888,1611293653,579052185,452540486,2053262267,224986161,1072015348,908712174,1775108327,1102860115,764442858,2079194107,263722423,1601271952,2069451410,31322776,1826776217,588687527,1224766678,2046943632,98426422,765670859,2144707601,580110567,1071497803,1032110615,227397020,1519053753,1767695391,1327262017
2027805967,1200914631,791072022,459374504,1653455117,696850641,684360665,577986817,1605562815,311985344,1680846933,222522025,243695803,1944569356,1823793977,165663566,1975892132,1503086546,754351093,1053175162,1402546531,852777515,1818846022,1399770484,1432888083,742860177,284397452,1660285103,114430282,2052092843,840063472,2142236249,1105523826
1631135495,454127105,611495296,180502488,1138487770,1189482113,1786065304,1450473114,722845398,2008587329,1694168918,519931106,1684897659,1859832484,348339591,1040500557,466699929,1401514753,295563440,1319477445,1072877127,1695333925,604881880,1815737305,1979731377,117683335,1930167587,1884340572,957746808,1924920189,842380750,441398655,231563646
1453876046,621901143,1370051417,495874512,260482799,673040883,1218719910,121586481,219726153,1738651017,1806484140,2079558637,2086990608,699501049,398774919,1341021713,995064490,1718252364,266415193,542914767,175650596,2082152498,375162496,293333931,1864836437,112019420,1251080739,1642272978,954400170,1692479394,1873836625,260792569,166896890
1096404394,756667081,427379689,1769445277,1975386991,548966170,1989171431,1566554360,207966662,1921246420,1506061320,907467712,172537691,699599386,1902532202,1890790055,966014579,297963321,2066440651,900683429,673125817,212290935,618036218,785145237,1463371674,112825549,1739545407,1008367421,1986662174,2000337976,1175264311,935582920,609521409
1602644000,557544549,437424753,4126523,399232332,2003979113,212093185,172995105,1362556786,1119560897,345532796,2062156172,874609451,88839204,880687103,1172572772,7796207,1781370532,1845698589,220087142,251923102,483360178,1683458817,364748651,75421938,544342590,203927177,2075759914,1719606901,1139510097,537797676,1174767253,1697054647
975222429,1178893776,2096286979,831717894,1390986962,121798436,46791032,363064211,467331233,2108947204,1237673663,556170437,842150659,262762787,563966644,476037543,2108461377,784053787,727960646,444337907,320028956,1092709297,519759845,864371546,1296636475,448036112,436494799,288662924,985833788,1611262052,1985717571,1961056217,642672181
1934520903,645290463,2033659143,2056319339,692081496,249239706,376166924,653545052,1486913369,932337361,1495695712,1749676157,1496304006,1971733255,1710653886,132874145,552210253,7508145,452903101,1644919551,527267991,1317274647,794072378,975304103,1753769446,1082735302,1961137891,1217547850,920969226,1774710460,1860220031,708006481,272517275
1746395526,616842172,964598771,1995635233,993009097,1618143824,1335064954,1925346458,966355888,937257463,1274166816,790605495,500427701,1407040961,1342815749,507935847,1859944062,840251652,1035203838,1029735061,1634324030,2010507941,636020859,569575684,1824162184,1853568710,1490544910,1451388996,1566305093,51067743,1723906271,1165216972,667909916
541021395,1013368557,1660919013,11681571,200949863,1438781823,978037459,1138207327,565464992,1768642954,1638635028,1972505953,963975055,2146570875,1684966368,1804226707,1034291065,567217781,1291067089,897315358,1203238641,1860642774,573993894,909323703,1203704036,2025382890,328145148,1254771780,1601805514,1493362120,1922681696,2142826909,359247029
1436117061,7024832,560196893,727415236,985062291,1698404220,1292880228,606221597,1189555600,1117902534,1570196653,1188642828,655385254,1226939712,75450245,1222603035,370523154,972765604,278358028,83682280,1546759498,1187681731,1287386316,1424658741,1515826880,394674448,878980607,861705352,169872496,874323868,1220952382,1605989557,881348700
1781149275,185921146,1866410991,1332069847,1478801374,325148940,374141799,449220260,1895345593,1562784627,1104605514,974801658,1638234873,179724902,1345324812,463516829,458082930,1429007092,2010276327,1645764662,568909760,1287451420,1014107894,963584209,18948379,1875813246,1133456705,893272247,949281980,591962615,1774620947,582947607,777883761
1493548290,1915017454,109201487,1818697231,141675606,558421748,1566559176,1704460233,1663027262,393877186,1195211458,1842752164,1739201998,1658728287,153351447,1020725442,1521520967,1799116109,1589635203,661488739,665740355,405735764,680437119,394069953,1539192469,1573709366,1343351934,2131155084,1200846666,1926299541,761555197,546911308,1693833348
870756685,218124891,1835508954,1429178433,1784684068,1392485539,944722047,31077606,440213350,639990564,1770279605,2098941637,793342011,643521399,1472978956,444974472,85672954,2134467696,1110714827,491408718,667421167,1504784780,2030601188,93646885,700653066,2014272624,1294493551,479468960,628344174,1841404860,25818660,1499100859,2059529751
1861327614,780795644,1696730171,1106329505,1725517691,1727807778,1546542855,218024607,1350603735,1498000845,1011366618,1994125134,823496153,1456341090,2079798089,810480201,419572269,423723159,1477901368,1924357050,306840699,1571548254,477526468,173629676,718558157,956995428,801973850,412479369,982814088,153591061,324525473,696658054,934386705
2021255644,1802987560,512420748,1601579774,1202046767,730445356,804699861,552563964,1741811974,651341348,1376060118,1050669417,583655789,39056671,1470241686,1007378948,1516958040,1247115088,1314219648,941022646,1724641557,1487849324,1659580803,534153337,142339526,2072060173,1516967426,295930587,249101998,66141832,1230317292,122873994,1869129392
1742738040,1724453769,923692512,325699748,381669982,1476256476,2067511723,1033011330,704832946,970697492,1616667119,743889618,293455530,476562420,113364010,1540570619,1790782068,1054386656,1117728528,1131147744,566483811,1651881865,1273487270,491060336,1021365643,1569417857,740162334,1087507476,652251501,863036329,809153220,247505893,440006450
1732845732,573205642,821676432,1061618561,493233717,1854687763,1766451507,1463931209,1323871234,362857477,1757386739,1800433654,476221487,1150473710,1443732074,1530608143,120718590,427396170,2097091955,1772600456,1700883440,440668643,646482451,1122817649,1180830978,1733989927,1775069150,2043867307,395659500,2022575044,336390109,2128505232,448297038
1158066541,1042640145,941530755,865270656,661608005,257978316,41658243,1024465482,2015365055,1842091897,1500686970,1018355118,1138340324,883811465,1139073708,1565736494,833419772,764190516,1119136287,1274088416,1410672968,94470288,307435746,997179247,1869539439,203819405,1392838747,1744630835,540209514,1373860332,45444225,1698276055,269016829
986974980,416063064,930624834,1244953296,457721307,1955090317,1112834703,152329556,1308293639,2131189821,1290669880,44621456,1122779882,708922727,878041229,1886970398,1828059014,4645997,1150159718,1922529302,312081743,2147338966,1644585093,515901148,1392694065,1241732280,1056110662,619070749,1287176505,606903069,888087579,126667837,1022966133
1818712413,1371621133,1480687440,1626319082,336972189,1633016997,787129073,320678362,776203229,831750530,1443458244,1485125956,1709791759,1182944995,1165701322,1714437756,185621065,940746977,2026519499,185476383,437848422,394936999,1578170449,1679580703,1451047661,49757550,819273560,2057950730,937845129,945941398,933433216,609073895,170078883
266637008,87909329,507051072,1899654005,875038403,827729435,528373587,1706788933,123704031,2013499543,1269097044,1306649026,1031717218,836051152,1492270092,1972464195,715087003,1677746475,262828969,1110024002,1108433276,1942409672,413588015,1158190827,614199585,324055097,2096035956,1560140983,1257488313,557626203,1730219866,1524125322,645535533
89787291,1276295679,1520573936,917516726,1804669266,1079879221,1041220757,1670685162,201492617,200386136,554918732,1037543769,1692656228,379899279,1752630772,1222919055,642728248,715171126,183868684,437654273,1128759141,1342059511,1051853858,1452814238,1290611819,464511193,562818904,1848238023,47247411,2086944226,346289908,137034702,1215756257
1866863844,1054551428,872941876,799259417,2095772186,396143390,1000752034,148674674,951062122,2038295803,1841330902,1330961401,1643442927,916766309,1973689649,211130405,1100634993,263860274,1339889546,295210856,1315714132,645220136,1585822676,1780225325,1208039040,1286577051,1827472737,1147499618,1632866959,1964507439,215772228,1352247155,871575220
1088714104,4022924,819863758,1484857494,1004774958,968538432,288435968,895587113,662385686,1619397369,391546392,1579151995,1445603370,602676797,532303341,1709463645,1942566343,827514197,877694129,440302831,265853225,510435807,1648341872,1552430276,190424896,648357842,1037813587,7448687,864130070,242577094,879023907,1952844174,246600018
1698887665,1290218020,1251374976,519942449,1578653988,2146962089,1182328135,1050567709,391024833,613996483,348687432,993701630,1146299824,2058151077,788784325,1973814021,788361558,1229087157,92183599,1298797365,729945381,1644613875,1489222261,1378303223,534943815,1496670949,94949646,777520909,228211208,2047793820,1024120928,1927098874,1190528193
128012256,299557675,621698533,127490698,1481885811,1672266243,518515531,2095882294,2020953675,1512217162,1094698470,1931621104,153517839,921028843,572499014,1382604996,1013212442,1871296380,2112550377,510342670,1213034993,1343369953,1045286485,562222294,1438319599,1822807394,790433503,1338629771,699444674,570048729,381674316,827456931,869606404
1003372850,954947629,204008567,528155445,1473463160,152407213,401625472,838196674,1247105683,185762928,991714514,20650879,758261942,226835862,1033863321,482074674,191902592,1544205991,1695109668,1535272545,442008828,109848314,826108496,117332575,900281817,17254619,816777249,1470330546,398928936,1644234180,192453303,1402301786,451698161
396461870,1930457231,1925161322,548869084,184599055,615874348,1795974767,370361983,1607588862,1816625646,1128623925,1834424725,703005320,1610698600,2026327317,99727663,1158324620,1414116214,541736492,1268172934,92741062,659069067,20971104,109995681,1475846316,1491301650,508924617,972596849,1683754953,1911226403,1424295010,2080216824,1694199986
1201972684,481602260,1878799041,1817847033,130093379,101677376,1277952247,1946719026,1230301302,964893324,502240698,693516254,843736993,601968361,1851840874,110369559,1143704853,972530160,203110621,1802773920,993501264,313106303,1131136589,337319267,822030920,2103733438,2021074220,585773676,1380544800,1953807396,132490014,435033837,287926008
2011289056,105397222,418019388,2112966432,1383349469,217254766,1195784086,200759146,719495464,1889300340,1044496139,1321463825,1593657566,1154865699,317685031,418704079,1357976320,2120458951,1412205343,1671082623,1104111892,1749524610,345629896,1060361682,1623115183,931403572,293422835,1429438931,1063893586,728456672,1717364940,927698994,833853894
2135384328,893181779,69719715,205155446,2088965865,270478861,924650910,1830782558,1314975001,98631087,1276956476,322357052,416316118,1695660555,1680333372,389291422,960382251,1203932348,1493403314,562423213,1549562244,406281349,38054748,333482168,699704184,1467493680,1397375754,1428160856,1037374972,177591101,114531102,1025275652,1070772880
184250817,1230431098,1012255097,454729679,7598360,695554007,1769704680,106229447,1972510484,2092061732,522545566,1520687391,1624911456,911836988,333585994,681360156,257756654,896009208,83438752,664038003,934063956,416920920,1363742187,254073988,1814296675,644419395,1291448960,1991887776,758950497,169240964,915177008,943201315,1399672062
1927432105,1397930994,1407270422,475502465,1020152026,1513499870,300529301,964730110,2036045436,1821216692,442157918,800398776,7319039,1123518075,1058155430,903328247,1206956827,1722193434,1837392203,1623877748,938451973,2091466192,1290690775,1582871369,1235431504,1135094903,194338218,1404672469,2050271911,1137539533,656860883,1830220368,387986879
2064131306,158239185,1408138905,1430147528,458768486,225385367,1318709316,132501531,667543286,2119108092,139820570,1791061361,1029779874,1043148817,850534540,604489660,733057372,326928640,1542941634,677039916,1617619415,978329355,1912471421,605230670,1172667573,1169660242,508018933,162723459,1826521125,190755654,550710338,1743168783,348994839
1958849244,1025832663,807763326,36750963,197058331,940264857,704294249,168682775,1080085427,347871962,1198462650,2123234244,1198406503,1802952310,708807968,1525335143,1198410296,1385847885,995470911,29256003,1150835658,1600701581,1201923577,173012252,2108720515,1364647036,1999533377,151992521,1915357374,1595218513,500987360,1726722970,473567528
1308750686,1763473934,670625860,101531895,320284535,839308635,1181617322,668156498,2037771285,1157367918,1866563001,1693239948,1866175887,1244414496,744166596,1104540124,92401759,773422600,107892134,1693103341,1975346177,280904386,1654340208,1192509565,132954115,1806332729,960383291,1728172628,159836441,539622614,54256509,1468587128,155612900
724882369,1570119023,475897435,1564191004,604252698,1144053933,1454478642,1761620616,863133286,1000234942,1480312855,2107547783,1744401538,437369331,52465894,370340490,545261465,1745569235,198203019,826165851,1252425795,1390712584,959119967,911274876,203612228,539808947,1071111318,743234842,594065456,392214798,898847742,1318947825,1962333821
1374745177,735655182,419102871,371315463,42650176,33239840,1234448749,1042885118,1513552695,1194512884,639803008,1950922027,1246978779,1010143499,348699844,845064366,1208346518,1174865696,2097490162,451575455,2133985663,861281390,655187683,526310962,1932392708,1398422525,1120376419,177123858,149786619,291840596,2139457680,1524531796,1027495778
411076903,1895847259,1070145954,444316743,982812361,2113031072,1957869439,29841597,605350433,1761307818,1276820376,1615493932,2110007662,2121884743,676356802,1137389710,2071891257,1127932257,1123891725,785688999,1783119940,1650202688,570598060,1034058817,623095459,747721918,1183845436,914936055,739695950,560893585,1942431834,1150772854,309257196
865094140,1595089597,1292069557,830641565,1405475388,1321911155,1435991998,1019299558,451247883,904002282,981823573,425648978,1580359084,2119213283,350056587,560807694,1095621361,1135745587,196443986,598340401,1706343647,1230502804,1221435860,306581917,266864592,2136371915,1046277868,827758177,1931320101,49567074,1137015374,648930594,1644656671
281601283,1479572159,902648412,1603512438,768080509,1921947970,2054760322,1672082791,756287895,332925652,1104958227,728017531,682982240,1665765921,1823638892,1818727827,1862209908,274495645,1377587826,945229064,1495931505,1684169743,1212093656,1484819772,582963963,2039851834,1268656226,632531037,1029383560,1917586820,129704061,1310984843,1249675331
1032352473,767013634,2017755840,806816795,674290308,1542354983,1563104691,1007215960,499829562,143638574,1690198200,18111836,1967277466,1361442379,1880321744,94289463,591546557,678067160,1590220968,128232653,1890160816,927557092,711196616,1782529002,48729670,1343727654,664428914,1966316490,1473431715,1975413758,1068508173,358300540,594943744
938780365,1165117335,1269234052,333651700,580738378,128966364,833481263,724376952,1819164565,851593099,544170770,1033123296,584431195,638460233,1624669854,1262498355,81197553,1752902507,1005175523,1008754646,316615475,640220878,1057484316,1660343129,1304649792,876317159,986291196,1132579902,1944825332,1344591736,1727523646,736122050,362225424
849274050,1069773750,942963802,978240415,1903255013,1667340755,649921332,607364464,64027877,1683044628,1191795659,702488111,1160230834,306810366,783685664,765649693,1311985890,1792440310,1082265169,1952206768,702440979,595124650,1109372912,1578758138,1581415847,94469167,1376099822,778523935,1821992813,2112221872,1140749359,523783216,1034511975
2083713162,1502023631,790283340,1603570269,4461315,1397647805,1667598146,1687505943,441959816,222602609,700253130,748770183,1006288274,1465902823,2060756073,651244936,400684344,1865479193,1353685915,995808995,827368457,784960405,429741194,921837624,13576580,1208265129,596346790,2125798452,201530841,1120130006,1012826779,137760355,474669989
1803110120,1741330624,479131304,1053274277,1261445122,19153599,1495234093,1484047732,719406729,96520628,342852358,37825905,9793053,994097294,438510249,1875272246,200299562,1434319244,555157056,985259967,1864060438,1476994680,998836547,924841920,2073341470,977151352,1126372761,1045987828,1989978131,1264133116,1520657817,1645604603,857980092
1999789121,551395232,2119425214,2018942721,2046629326,1455989298,590865802,2143149954,1798841656,628691707,5459360,645455303,1067201957,1880731606,845754865,354037553,288405014,1831014832,70614344,1765399695,682367732,995456264,1691257517,1659519084,2121829025,589761698,1502013567,1238478493,2110419515,1000134523,2096458585,1962724989,1551529755
2068400151,1834184062,1450675433,1376905802,277566216,1446341740,1028263810,906257924,1451801100,1673719113,1973459881,1185049058,371990330,180013786,1473454073,55521515,250628130,1091370120,737889247,1246084394,635143989,249924683,1220429771,1224905687,1751938250,311424616,1187841555,604589125,260399553,1003082896,8635233,181316057,689783310
1459310666,1558221859,967349526,758168758,439002021,1873607450,62486210,2112721135,1699583683,1247535269,337227817,1879597470,573505694,392749332,2130225600,1664875814,1130638579,1228826347,152536155,1380563262,301772470,1377441843,985017865,613197087,417799750,1589606990,873596640,1420882646,1598242223,1054912697,2110665956,910069242,465650908
930531834,1668238000,904652930,656655637,1730724211,869890417,208755672,830775832,1207118234,2088353142,1404281526,1599867567,2071095095,921673692,583022498,1152437794,1074209847,1963585761,1454210264,304168042,801119978,2067407351,721967792,243243320,793520344,2142850438,1841485544,1848433041,2106032746,604071138,166600302,889080933,124825490
1071253232,1545736570,1855549701,1941143649,1754492242,538841885,1000778235,1695361737,1943123411,453162154,1618973184,717313455,1036184653,623927330,1791523303,852286766,2078137594,2095691345,1653406744,1998061298,670175490,1896650064,644097994,665542280,1590651960,345047387,624091379,47239450,511647689,1513172312,172064941,1582900921,911425234
2027614642,1376560922,518433828,418972880,229855510,66311917,214612643,683017664,1685285101,931926099,1719202317,161728783,575965754,424005435,92382730,524173451,2077412179,2090444028,1194348941,1826578596,587058374,1859891222,1269746908,932105761,336498953,1316986359,1443753451,1849671265,1489051300,879170724,613612851,1369182294,108247999
1132046679,1788155174,338103509,1198358597,2002767818,1021121173,736160050,787210269,592839843,897888834,1363176023,1016845278,990271564,1887349474,946773810,933231944,934214768,625868758,1520290318,646622342,1895615666,304912431,983121295,1065118377,1748665882,685308912,406686029,480352959,1298921763,1775868324,588600958,283484794,1416539850
926704467,1481843391,1271824020,1947825640,70519794,2059034289,393181835,968408628,1274726664,1410027114,1958680192,1014592491,209317276,744428488,1948807259,835186034,117235158,447945953,583318052,422147589,1431067248,1648436430,23329824,2116376160,2055122459,503682783,1267814275,1683507135,1092283741,1551299069,952563338,2018988208,885658813
76903710,1819330200,956178607,2135938000,65028388,1924587235,1263181016,1475055502,1735783779,130289859,1684372778,332728619,2079097118,372075164,449963777,379559423,955393216,872111366,1810626671,456345998,895441190,1779519183,363984810,1399123973,899849810,2047491945,343924066,303665232,852571635,215428626,1189324045,929475346,2034758827
2145502652,917929698,2099787215,1922606239,33627066,1427359069,1510906370,163916926,964248199,1843634989,95530396,1336323363,146115118,475089820,144232931,1018226484,138232843,600578930,1913667675,1917752027,964563740,1165308000,670118189,864572037,1509232067,973783421,1717143673,1724660693,15623818,499135371,1611935872,13642822,1417065069
1564239439,1936249061,1450692135,844114860,1299671783,1614609061,1808363059,995823124,1710139458,997202774,1141938242,37745630,1141435706,12681079,175978473,1742014636,1926348754,2093730500,559094728,944173106,616365042,1423666765,305921525,1590148463,993326790,2030582219,1605772282,1492462161,1495034443,1619415104,762043582,911790235,1408180518
65252070,1755905095,560368653,1679861131,1416784507,1556191778,1242516941,266503633,550646372,1280262571,1407939339,563327451,1456241045,1002470327,342192557,1402487897,1561565055,1286365664,2018852939,837748173,1592287189,1461517755,1831074963,1475385760,919806389,1176053477,822936556,391737845,1938097059,1734726791,1799918363,2003349129,1343148238
212803369,1535726613,612449097,1768995147,630759906,878952731,172157871,1911022478,139408422,735485323,1219779875,1141878750,1077677880,474784124,555960157,216559896,346153416,1393708330,1808847086,1807671171,1077299646,1136749198,579993912,105869475,1959685754,971731757,2043966534,1546928897,624166473,1899832016,742593488,836969842,1288074981
1355042585,458481341,1918834887,86511668,630639212,1682373717,225920091,1366124535,754669944,1367798841,296318768,1229454069,1923758998,512878664,1575607485,1169983681,174242102,1235795008,99799679,1310991301,1815788920,205669154,1123193407,640037029,102152040,522638657,1264203502,2001984056,1265232145,2101173344,1142575389,472791082,412171037
913926629,559302751,1042810250,448816698,785222842,261451137,1203486643,5538035,557769905,285457064,1929297033,1070648570,1861064549,951797066,1244890672,949375909,1051596745,408398325,617681181,1257265899,1531591733,1257718210,1359417940,2054230390,374438065,1213918348,1171978887,328127761,209010090,1644769969,740298799,1122936719,56589072
1783109049,1571753417,841811914,2044560186,627756412,847349949,454846444,913213476,629163335,1525495014,626794377,1580960401,622902038,1576170286,485073499,1031300364,46367819,1742339398,415408449,1304086030,954273690,322155191,1678524095,20708391,1494134078,2006651856,229718481,991420399,599467007,1352655200,1048009472,235092408,776924969
1889821386,132168947,1404681382,589687688,587015391,170411210,1218851023,2112510405,797205588,652327776,587928795,225892226,1137401275,1619229159,272260046,732257026,2034637608,1576346076,1686530716,209309151,1107386523,1707239107,1703443229,966554731,1936957588,547379981,1566021739,1142129140,1595389453,1801114147,1919054110,1337727191,1933283094
1176251844,1927414879,372814837,1346663054,998782254,337841594,2143868642,1651110031,925770390,222277221,641027658,397515901,494537267,1373284684,284669862,2070883343,912331753,493979013,1030786218,472087212,49938595,1997340949,261561153,597318576,1415879040,1403690293,45224381,1069509540,1175260755,1382951572,855308986,204028951,1162882804
1228123824,1550692006,14181410,1565965418,1547077000,1665291441,344252160,1769354221,158835452,741768062,116407840,1532120136,1026437924,39807535,296968241,1520416937,1070593753,769055454,1570355532,920451055,1030616607,20190460,188846447,286823252,65414841,1258355987,1462084008,1448366414,2113664974,1666112959,463765570,1194305150,1069321317
477946980,612786920,468914670,2143238422,957039081,90785243,154590226,1698807143,207193084,1686710362,577761419,247000619,1983678604,2098178356,1317594373,605250410,1521050241,90561780,1635867017,1541240701,279408227,1922690269,1606655543,1537764215,1237290629,907538309,1503945541,755919941,1371303879,550767043,1825241258,1849250859,1163553963
146672280,1845005633,2120593044,237457524,1999595859,1671916539,444650608,1538822574,102194310,691651227,1375017530,52889019,2009245600,1980267940,1573939260,2099807380,1468651309,967696313,231731960,1243857930,426868208,1769496175,333664912,1334406517,1125958068,1089584853,558226748,1676725111,767342463,259993960,692795426,914014744,2104999593
665904823,1151472268,1957111805,190337714,1596122876,1348450731,292532025,140290455,575984613,345421044,2052408,408768905,1919360304,2101859788,1877420214,739572969,186108100,973794496,1166441178,1955604275,1307459408,353364047,934078695,249560613,911590796,463320158,1016903077,1171584756,1156115585,1930917821,1129100701,1822020408,934906441
938728858,2012358122,383545669,139695941,157406499,523836124,715680554,502827543,525888532,1124449459,274704199,480264673,854386025,1014277169,666372773,1828180522,33234699,474493401,988156282,386598746,1408572096,1237716896,1298189542,1871892255,107136325,322290650,880524192,2038054146,1451391352,555060952,825476939,242636562,419935426
1209022608,382332504,577341926,1732858732,1098013058,1080169469,111263617,74978870,1354873669,591528290,929364895,221667190,1257901063,610061769,254901889,1732394464,1598218052,641500635,993482913,688451300,1939690178,717891520,795587625,114497180,1598415712,686158123,1565888532,5993016,1511635062,1808525095,425928442,573174022,43373951
1003270368,158549106,1141387009,2083439838,269812723,1216365879,1290829859,861341013,2145730775,1512497049,2119242077,608308896,1767398938,1704152893,59043300,261415925,550152158,747494600,53622455,1268043678,1543082225,168119636,718975742,81756700,1734008168,724968758,1593391762,1395049615,1150897201,19082136,1438423566,6683921,177631243
432326928,2090123759,447443966,1648692807,1233469970,1308784980,1646939934,598483371,1280543409,107765183,218398661,837212654,166808483,479814587,1387364813,914303084,533437042,507924843,309901661,701556678,1226900586,391658362,288081199,1951869344,1985050124,1683130814,955282897,2004132261,974070733,961966819,34279856,1406397661,904606930
481723822,907606820,2138076901,1790508802,407063107,589076624,923568563,514828290,807475286,1760781218,681636773,1287289873,1000662383,1595939857,1820726915,1508587226,1905841519,374799946,588004164,150016233,662881145,392389861,2135066357,198528311,1347672758,1991714970,1172599044,162155929,2025994826,431513057,1066762860,360235001,1339119878
1057356113,3260155,1746182985,1646432737,926828719,113527627,306424375,540126289,795164400,1593714248,1540788672,243620610,1266957516,901892250,1978481,1641757462,1489896415,151994714,157154959,1882286276,139577423,355683270,1082475386,2131292394,1528282315,1244631316,2009803572,1959795372,163910528,222554925,1151431602,1221266641,225815081
750130939,720215730,1152643800,863658566,1026640106,1692770089,1658822967,472870706,1086075113,1902443577,1739828222,1987967363,1904422058,1234102036,1330380130,2056416772,1391256995,1065182758,48510547,1746940266,174497,32319293,1127738933,1244805813,2042122866,940050657,1408716341,117194143,2091482260,482499334,343009224,694129551,1202715064
1495653024,1557788118,81871522,1040939465,1069127437,554742229,2127014578,824087366,147086803,1967498294,581025776,1381188840,1150394776,489958900,624962187,68093887,538469447,224418805,68268384,570788741,1352157738,1313074197,465427959,144724748,574306890,582622102,88723360,1056806224,925631327,782852911,112037640,273800703,193157381
193909163,1314740169,1262284818,748651392,1294271099,2086372184,895738195,1114285745,519914312,129443387,117196874,1009873212,754405575,185290761,1548342660,978824380,253559145,2119131401,183498471,1566633342,437075712,328223219,2140940232,1019697814,416946579,1050262808,1945329141,1199799490,1162300448,71646197,1392956872,1356209611,1386386366
507758042,2104861003,533173817,446646579,853115551,1647459563,966560891,982558938,1764656437,1976434104,1736964513,1949947198,1377293116,568305246,56022695,1348940869,751803717,1622656037,1786016581,1080026936,1616112621,658230747,1496973515,518891781,456076241,549289357,1681192229,527722438,1942246229,889918193,1914108804,302520624,847295548
299798973,749167203,1700411099,1947258536,1715728094,535486390,1564431325,1544678550,124967255,1366894875,774488018,693272501,1422917570,2123428887,1445076218,898089959,1761961820,377619506,366718932,272708920,1874593021,885610713,728785161,276398731,419319295,1256507599,71161312,1309237488,1023132755,373681936,9049388,1322931728,1122849139
1709460488,1122706617,691093586,97463230,539654294,88288488,222430485,1906549170,862776507,915702987,1181983092,838721746,213295557,2080073052,453199919,590915064,299308336,725908839,318024437,1184919050,1454694000,594423168,1604238345,563717951,665584481,765992185,1586850706,1039266417,775041573,762298786,14631909,337018413,1885005403
705725495,434481643,277176050,794013983,656912129,36241572,1656790490,1572615116,1218224664,348028589,1785910673,1150814068,801228508,229342089,1450122405,1527137347,547366527,487557807,834347699,1141789695,2091796152,1398065650,1807374176,710304689,837432708,699156946,1485346262,1599731494,713788855,1822364676,1337253250,1419514350,109362671
1614429300,66044685,766274800,1650670872,1722835176,191406268,721411888,2070863765,1977316942,1872225957,724608625,59175383,1174864714,104262324,606541910,1662422521,938610023,1748331606,1606735025,189192025,1408222134,169556066,1026624733,2107379080,1654902328,478872579,673684287,1329783356,1816125829,2093198637,1439146028,1283071481,11759675
57937180,786258705,1734594851,249343449,1507670594,1657974968,79176743,1232412903,235099945,138352126,259793969,339362269,744894037,1922216490,1277972292,345741995,1381467867,1467164317,1753964129,1551023933,346305402,1713859562,1058442613,825177981,240060201,240742322,493820163,185775191,1679888350,1776891644,197534866,1737825530,415666702
1932129717,1987168979,1923337296,1442621037,2066345722,1008266551,1677720982,57214201,1268060520,2017083251,802108238,1042793362,1147571895,1147850233,276777581,467252564,754330714,1827801514,813557966,320706628,738760479,1638735947,560766830,979502801,2132556110,746542021,511907503,1761964107,944076887,102249386,30147161,728722956,2089418365
1953484457,23860345,2008280440,814267360,1701581327,2065494641,2082327880,1571180930,720119231,977637594,571269177,1867969464,1254415175,1038521741,474816530,934733041,1852079707,795523159,1673493520,1343332006,1356289989,505512674,1328404469,2102832010,1017420177,942884928,899425249,1119669563,973032089,1628148205,1061604281,779032898,1652008550
922401073,1593300258,1206106229,840412066,1528144490,629803511,1560531297,358298436,1201072688,1281017113,1612713611,92110781,1755833643,399963004,1944190488,403873154,2073456524,1140038846,1760163143,431485550,320959667,1715511505,1448905728,1263844595,467453106,421091643,89393036,2095601311,1482695924,868425934,1600126213,257613349,314242544
658748794,1098025415,1842387034,1288552305,511073064,53201822,342141345,1792090177,1665915433,434252126,1400440173,2065878437,230958966,1804313327,1991851314,1370997813,1416992823,275853216,1691957480,985020680,1724758944,808318428,1452473787,2145850588,897711464,1400591450,1481062864,1766137399,853234016,1738676214,2080379943,1511982810,689217981
1775283330,653051468,1200291046,1828485152,995192813,844897575,1346916938,1429444940,97854100,1265311727,1660403906,1902167428,1109679393,883918071,1171676603,1385532610,428391904,9213635,962807906,1236710332,1461687422,961174846,2134421796,714795225,294754063,1753075547,1568029241,2033430277,1685971843,932528403,575164610,1313771525,1585579871
1775455656,994773029,433289037,472869584,194206319,1862733977,570723684,1459518047,1375654235,325407464,421713792,112088659,1497084067,1807246402,540480563,1506297703,622570661,1777190895,820501477,1583745507,1764129043,1535296702,1878499570,1369720943,955842295,1764446199,908209138,1888370699,192127162,74497015,1326466922,1967582818,1069270044
1759755959,292968754,1263476364,1475006288,863692439,575510763,703176876,1189099903,997224555,815265535,538700323,656987310,1355746098,2044998026,1279557971,985453345,718015855,715819830,602098740,105828910,446835753,1971819683,1061671205,63798304,732545173,802558256,255925466,807042188,2129025179,76024637,1876312233,1741297490,368993391
992304949,1068820131,1232685830,1567815712,1771997007,274302086,417556619,439778894,813002409,1074543929,1795524992,710516787,206618252,633494689,1428532642,922438083,1235593429,1534361552,1369273836,1059929465,448549110,1433072140,1792474638,1251107366,1688997607,452033179,1232648897,1765022244,180861764,826462740,2134015635,1173166713,1895282871
1219217818,593498777,1519796230,1493519904,1011055396,1959575124,159038665,2085599326,1607616468,869555452,144733930,93627509,150604446,1067172013,1329220938,1684965999,288962201,241666755,2133515109,1722034342,2034141394,1237138827,1263548301,338690925,322304077,881086897,519552689,1148766817,867618884,1692719402,896566040,2086836702,138734531
268878622,1432872958,1149789927,80970098,1591911623,1087905605,1688586566,313983427,1232639536,1782214075,464587874,152327901,963951365,2070225,441290103,1205618121,2135585334,15840797,1092275867,1225240513,1279389098,1430966792,1547544590,12992347,1950519481,548827759,880611231,1495755235,1445393799,819964286,1634489766,1714272421,105353596
636796045,1795242519,1697265220,1724701651,1336345437,2011248647,809857539,971075864,328352873,962185440,1935027230,330423098,1403475543,993161703,318524784,1419316340,2085437570,1543765298,551221790,1368920714,943826240,564214137,1171956547,1492654000,1444825369,520228134,790564151,117306007,7234252,357352925,222659603,644030297,5111796
1919924823,221248300,1341457234,1783689823,1031105839,165049450,2112042696,1993291280,2100076680,294982147,1249283175,945754735,613506931,521115868,883708657,9788581,1072337658,105145723,953614822,1636551796,1277102270,298785174,933893517,1797330404,1089349325,1051199524,1804564656,1446702250,1273859127,301111306,1451814047,1046300303,522359606
645787633,682506478,1553465446,810837083,647065526,1399273078,763430116,942047673,501072605,1709184851,1555554605,1022188473,445409861,1565343186,2094526132,550555584,371474360,1583594280,1827657855,670259534,370004149,1477504611,1759608860,1421203673,1134585620,1058827462,547579152,1435696926,363157861,1593879455,1958056532,1008945494,128902285
1364038330,1819782578,775967812,615827760,435729046,1718015485,1116900366,2144913897,1126086442,2139088839,442840110,543945981,2086131323,993395695,915420341,1522241955,673569902,1585679876,1892246104,3590865,1197805088,1165966129,1138176485,109148902,1713545282,426389763,472306764,1159941089,236962648,1481252258,1288843375,1601000978,1153551188
2064811187,69345091,1589280234,1635343024,1186245457,1586710484,613945819,1177850648,2029550594,1157891800,1116498324,875462641,2073312141,491256631,1549032543,1511508369,236019088,1552623409,561829809,1401985217,543316246,670978712,968046851,969706010,1143285476,2127987941,1206668658,477054086,1269347668,660185988,1630605275,1186675207,729531079
1072401861,674534583,1915776536,511628697,1288480402,946143537,393695644,298888554,2062641861,1269158285,224717048,406414844,670707181,1736225417,642433932,75846942,150571579,2044419150,619163188,821550291,864982353,1588869198,1964835767,845486646,648054208,294406205,2114834314,1308240197,1925011480,1154025873,2037771276,849929694,1828560457
1806064165,1361558391,969557211,604724054,1755254035,1268445766,519882267,876928673,1493162814,926297111,1547635854,1081904583,1568731044,1623482796,1232476162,1465666546,95162336,2054026453,183165251,1684031535,1871378572,1028651898,184602095,18301130,996002564,1492842292,1943312610,2544790,1383129921,645758656,1831105247,1041710438,2007317048
653178810,1646434492,1615087435,1921624576,18833111,344532460,1267303742,945130222,1892168314,201724678,366377618,1368167462,1434200840,1832044164,1463329799,1340743646,2015209416,999877686,1064638570,896377666,1184479781,1082939700,1892380230,529838426,878768663,1894925020,1912968347,1524527319,1578546619,807195137,1384360719,84241782,306145981
851964507,2005866358,324979092,1196496967,1125686453,1270109314,941181634,1327411131,1636486933,161865448,614128323,1321047449,1625195247,1954871969,1188773217,477589285,872026892,2085150883,1662069067,1954966592,1830047466,44423845,686251607,1577488838,1957392192,63295279,1008551810,617103681,1447655998,1092793592,923249662,152136857,951176302
1248228754,1348633825,2076862755,370854420,142331811,1256790238,2007341353,304197259,1870918562,1180905155,1929392507,1678306883,222194724,259498144,402850127,159861960,1921567211,210333072,1989909426,1965991056,896584679,1419914616,1775899600,959879958,280982778,245519633,260052309,1373776370,1168769295,412189166,177469025,269514401,1760822991
106848132,640368822,1903154802,1363638371,500226527,59868414,1087073285,1681131682,1989260921,617896520,1903326407,101275417,1020746648,2063188367,2022842629,1231079720,1905614145,1841350037,2127664399,1178045113,1469765990,940060710,1459027892,1715285623,1200113019,685320614,736571271,1612302185,862789639,1006085672,1225641529,969637772,1646454494
981312683,185792495,2146681022,1041181097,1272865780,1680329056,882958370,1890762300,1436171815,984233788,764025300,1351876534,859592769,1995105020,1110007031,553459158,1975285772,140568497,2023225148,767862834,1599596389,1591027124,1967975853,137433355,180114747,1432794390,1000222995,1186200419,510952271,1969860767,685171266,1492264955,8169614
684368640,385962404,1281035394,217214048,1268920775,1024314046,1653385864,105670915,1788339347,857778750,965263684,1635960719,1967785782,1518722842,1463762843,2108354279,1394464343,84142029,1560467020,838007819,2052117882,1697900375,1018122566,1337428625,550639722,56839337,1848380896,373016841,742010603,1193162203,381186455,1426379243,1579124608
1662221849,1643593292,700561735,539052248,1149495508,806232650,179907947,2007274258,1771496334,1815868666,1827576392,1142735528,1132147862,1788447023,389716223,1216289891,1201430395,1227724042,1120924126,751847123,98362960,310869103,1302486845,155202298,11766351,1675503687,897212901,1204928555,2056690142,176108497,636569515,1571428344,1819701789
1337131250,2110480592,821713649,2143363900,142904891,681504259,1767376586,1958773557,361597004,762628466,943437771,2560379,1152344690,12244015,1203990775,232585084,1133168141,1955837898,330948045,1444037244,1110841095,486150343,1455803595,638861134,1383363244,513248502,548067629,1559471741,1149818017,2119495973,1231689882,339465619,2082492917
2053403531,335345871,77914160,587424143,2102722457,2036687717,949021147,717867276,832641841,951581526,1870211966,844885856,8088653,2102797050,1978053997,1963926551,286261447,1274607593,927283999,772411790,582927540,1566145133,8291387,1096176043,2114212762,1567763128,98510412,2086225087,651969363,437976032,2021234356,557889246,773321903
2099148516,1145313389,728560713,1988352586,2094334536,1446427989,673510779,898432415,1169156307,1518396635,906521068,1124469709,1348966984,722963972,1410731157,476090929,1650247971,35659299,1059018469,1068909456,43950686,7710864,1035638571,1611713815,106221277,974380010,116199530,544197309,848130719,674088776,1317519212,799795587,1819402166
2046079925,640664525,1766253054,1345024266,1314175304,517201821,366696925,685088291,1423722890,1491166635,2034055275,2146686862,754414144,362662556,1649451185,790073443,1421681026,570876993,834024130,1429391890,1606515564,298254297,1535613167,433411927,414453827,2079810476,1281542646,1088542603,1249846041,2081338233,760461121,1148442318,574519111
379230528,345982937,1888694415,896432349,712679862,426299059,172671591,56362849,312870686,171874805,810776993,675533243,1821325990,1600850437,2097214269,244719336,287390919,1379122511,1851234900,585645216,767252031,137163179,1000099043,699578859,1418705825,2088641646,1949424900,1352560411,701619120,950383571,1927079522,1080849648,1296366508
1668290289,1977281997,2009046370,2094589348,2469941,2065409220,259976387,174344746,728702565,935509630,1995670737,182069354,885240251,92906425,469460273,116879114,1944141325,1055105489,884131145,2081304505,2055204532,1583710005,1352526682,1996362531,1385651257,557603445,550498003,188551180,337199319,1631347651,1484917688,2005489609,1461146000
1346480411,1952595309,1463615941,1264405983,65088048,1637960688,1993108548,1000597678,1486147777,27694255,1885837929,1579054202,497154528,2002717044,1375711879,1552260018,739364541,1309532736,1459980902,175590898,514575771,1308859785,1561242156,1072179216,1859357788,1749793336,1409378536,1343221791,1087227377,1267384497,656884144,286224140,1072496158
2120500085,1550630123,1137584207,1610977125,1396255023,2138181885,949641254,1423949278,1876536167,381211808,1921103807,1731769563,1756923688,1325880177,323650456,918972776,638377431,499241355,1433548547,1947237217,2060483511,358244116,1659111357,1662793199,1767622652,854849501,602536928,887523501,1511733645,888761068,1960019659,1484750082,291907543
950120218,948243560,1688162567,940818456,1897884814,964628197,669870975,131612975,738248356,254156890,1888536663,2064128533,577807346,660025791,555022317,1077048701,2093574339,354775886,990048564,304334807,2013887243,505358116,2071957459,721253096,1107895044,811997312,85503093,1996656113,624533323,1570253176,141080008,1574653542,371013088
1829242575,367988350,121414254,646387125,1037859325,253027229,1384635481,1292016215,2141563892,1301280367,1869823561,654106036,1856302684,799388615,600196727,63594922,1789437179,904531534,2077482165,147311647,829005345,651251614,1255206692,1641002657,736754707,1104379157,118052332,159524235,1245459165,1692705874,530537323,927218093,2060694224
651951578,1573605218,951069901,904978807,810757051,95602468,899059052,2112037418,1965426030,1553165088,1820856454,617330997,5878167,1884451376,259284528,910409701,1814449894,406596176,1739415046,318217860,1661802868,1232934055,1054972567,618698377,1350986387,1214496803,1864157542,896208614,1745034126,643891987,809419190,249502056,70013557
1760489092,1154480864,880770609,1856091560,2053539916,845324379,1674033942,1459221356,518697186,143881291,1465099523,255664914,403165820,228025576,2070114808,809761996,1967440622,240849020,324081216,1052891029,1295821588,942779593,256393768,362834743,659453487,1152602382,2107868869,1303345475,1962021573,209887278,1373359032,1575027017,1364368142
106645993,1283634929,1270424410,951970373,810185224,582162118,1470667559,954066515,2047261641,1726332473,1357232335,127803569,1648963634,19510683,2095244191,1889812654,343591899,1000651572,1038150594,1286371492,1257045340,1400985337,1945824980,262164075,1361370559,1101686807,76702000,1571257837,327562191,1651729017,788142331,434208185,787880298
2058566741,1386178558,1598065522,493245211,709362469,404648390,393023204,288211294,1761880725,520826773,1937174928,1781391409,468587316,1679503935,2124983308,1469238888,570170881,1263871153,578800580,1971156219,1062212485,840964655,1185043130,16415644,917666655,608817319,343977835,421912024,1396959650,778186020,1209792323,1308042743,16880930
660374197,1801287954,726243399,1065022587,46827510,1014454694,679419665,567654283,804145974,313327426,1036241599,336166261,290827086,357996839,906337143,1554698239,936797419,730009714,469427076,1777762075,1915052844,485842720,547945082,376386515,829820556,969857107,1773346165,1608006576,32165782,933905260,1624887507,692539979,587709566
203647258,1757562567,634537076,1218101952,289498584,1202191359,2022247927,602826010,90949310,210930540,893653096,448946149,1117267683,300867688,1385743568,1847277397,770294764,1016021995,1614846593,1256137485,1563967078,1991233108,2085958041,386340537,1617095625,1546480969,418506319,403517237,1023884828,1111046298,991226803,1227532087,721125217
1625763879,298150391,1010623801,680471590,172914670,1613449811,771420900,383845211,359619260,1220367049,1501112894,660486948,458626970,1200906644,1430781712,1474648965,668269589,539435549,891132395,512019050,477909942,1277472932,2129114675,2024390912,1695979251,385148265,900792092,659541902,1376375068,2128324179,1380667119,854655300,278990923
243807273,1535126890,451905593,1857257084,159064143,835750804,69392696,1379431192,189380051,729879644,1838058162,1390286695,13177709,1165223480,2058556284,552613258,2056355875,423091686,1030523201,1186345160,404722714,907430465,734840763,789870979,1808222557,1394382665,18762399,1789063089,627566137,873417699,2068054012,871373410,261060942
372475957,581146846,420125085,1208226762,650539543,1799556277,1397606813,1380419187,1490130792,640409860,1393596896,507870624,551482496,1946210155,416742851,974574183,829249708,1603088011,1379296897,1736680173,190445127,21684228,1397419082,1584827792,40446627,1038998523,64910281,913864327,959568887,936283691,1174925269,1332044845,1517430538
1595050354,392787959,20486433,1247122983,1790394772,1400905620,589770127,283320984,647018869,1097640751,834803480,445745376,1514383603,1809377663,1274995084,969987966,1041190912,864191609,1160433093,1062875140,114127043,597777238,1103321768,1153125567,662687519,2017186095,2112694454,1598971211,1044627716,1297255651,968918101,492194422,1690043610
989404534,1739317405,1332954734,242826506,181603885,1616275718,889845375,1279244636,303595551,1335590751,646144591,2112973214,463102187,1616132558,1006680479,1327293796,629082003,2069555619,1441420840,1226859241,1025393739,447062759,1889546761,895096186,412273565,1341034324,1939723902,1709529217,162468777,284434676,1252089179,1151873311,2023752082
437560266,1394699817,57872319,2053835984,137061545,1337116955,209947887,1472652296,1983261547,175437454,1935754484,1451910457,1182117933,1115564632,2080992460,1104189904,409501824,1160368054,2129583644,856564583,902431167,877196182,1268838149,95981843,669436437,830883718,258450620,953871113,2082972897,1410323931,830139547,373049515,657540100
888011866,279401852,794601645,77645174,489349739,119770294,2060906721,664787193,2055524778,1365333530,1846905126,1023605762,1298842342,803611383,1433107587,311726748,785711379,142188522,1214157915,1662907561,1411026671,1310139758,184860350,94426741,1568590378,1138731464,29915991,831430661,1968871011,402965506,1488970762,709399230,682367358
136088759,787044404,1171717098,255859053,700467477,1836504291,163900183,2065801007,1535925770,1187505946,1217159701,192053505,473129885,1528886450,977764884,615318407,595560717,493188797,2026345079,1905700476,678049148,2120771820,1326807206,1816780612,3204163,10754220,1638167975,406169670,1499724982,200083557,1088537028,1635813741,987127961
112770478,1891672795,1687595438,1949274770,2055572978,1605912797,1337716892,1095595276,675588851,1529770397,1568725161,56991653,360051633,36559921,652552370,853240430,2062905000,410769198,1531289578,2036193172,1737576405,1200586542,2039397336,1748330625,691270870,298083358,1100571959,891354427,1386620386,588902052,1878482389,1499390865,333091199
1418594179,1301181987,241180530,877023329,491415231,1336775806,1552612180,2021185628,758017320,1609603833,233753613,794577241,114672555,1086994043,709998593,525441754,470799974,598708117,115534511,1671386516,490621805,1863865136,215173738,788705163,816953447,1106528166,27841902,1405855499,837526907,1527232767,1738946699,108637438,680931106
1980127229,985660767,1172346337,1169419387,390789299,1046048317,1927436707,2000393132,1279801930,574530300,2115065688,219312325,1284528893,493023794,690112299,1883237011,608558305,214015168,226375168,324939793,429188906,1015080332,1141893240,1535717072,1042922234,400265091,225760331,422671353,2139211790,334397770,1103602459,1971855371,1320058537
128465148,993791111,1710847837,1174513465,773744170,1563757321,306831747,1348274471,1531339361,526144072,485319716,2024363155,1216256372,221073079,485437812,1430271540,447448248,810377605,1859460446,1462528580,1952270845,1247693871,357967166,205052289,1473454202,780638519,196780431,1807851972,1884240978,21152155,980426862,2012706126,1014943266
543791051,1039735943,1788687436,2107548372,1346567690,989478259,1491404086,1872711762,1474797976,1368283593,941484486,1695871055,1853721406,224272378,2143319303,516615363,2083732825,1458364235,321402561,1183943048,1816331401,526454850,509913602,449486272,723235281,170281927,186243602,744387436,1150708789,51466080,1759330702,1694499840,1091202023
1400534491,1654564564,290286065,242529102,998485002,15514180,1717327078,219284948,956998666,1265714486,2073006354,1181271045,1261550141,442138069,1117520222,572430729,763540630,153979622,241278482,1289995480,663893224,690764755,2013230762,834175151,877008357,610134550,1984883940,928474438,221981605,1531900132,2019676461,1622516096,1038981049
162478879,1865045198,2037466051,177993059,1434888629,109267351,1134991725,553119467,34790057,168779122,1814669608,476928127,1286299344,239616689,1240468757,1440278966,480895172,382980590,2104172191,1171659927,248727704,790863694,2048668284,858862254,628263987,829659074,1080843859,12680471,701851888,555876307,1051661520,864330767,273437858
941643924,1042323826,1708326487,1050911275,29831903,113962306,1085701333,198611026,1928631914,1562629460,1484910370,20764956,655614569,777705689,501660128,1038595159,734394232,1673320055,1287322863,1525257926,1574504691,2146185118,6038265,256680118,1079545329,18718737,958532006,1635421637,1070380257,1822862773,1908859495,2012024181,717702951
1469702334,915451809,747534854,1583664640,2001153142,946145880,1364812906,1416298954,283572603,1385577862,2071913523,1061278292,1887237990,963025035,1795672524,1413074397,102864250,1173446802,840095441,101565720,1179485068,1096775559,1181111050,1198203805,2055307565,669049039,121100414,1730686690,430424886,2133124596,300905993,1900127220,901092757
1048440847,1336308212,754762251,1994586728,553637470,23577557,130675683,1939215333,2095491080,1191953975,1678969675,911032467,840142851,944560425,1013896718,2013589653,1784655866,1115462438,1045591073,733947777,149089840,96311230,641771694,818138879,217411645,224974736,1248563765,203052593,525880729,1001207337,1104145350,1574321576,190031901
1858907601,1421424656,743669372,1882485158,1552100339,535401057,1830492590,596570666,66887084,594041410,1436713517,1011447509,1607938128,1302819523,648619727,575916918,200926948,1382567504,725006759,297238179,2024339198,1543145638,514649824,101830286,644225756,717702417,627711015,1645433093,1821847767,54548944,1835464995,1533271720,1475973600
431650719,1268273230,880590292,967051776,951282172,1477160958,1033938860,1545323582,766390828,2045386370,1005778062,2069210351,546522449,1581694981,122653651,1929089954,159218092,419891830,1805945504,1702363730,934541654,1907775791,199105838,1652244071,388003158,1844538932,1326608190,442552102,1532520279,712396262,1918525703,1964170998,1980669492
651632347,783739126,784468017,2128793305,1817677986,182307951,747700485,1715580708,1188086014,669427188,114619510,622297347,792080840,2043709464,781515439,1211972670,1702171320,336395521,2146514325,1462463463,535501360,1651274748,1850466622,232556644,830399291,145535076,1765076923,1542795553,2064060779,1581764273,1375981398,568209478,218019751
12965767,549519136,2035697737,195273718,1297219621,1603794798,1383359732,1966646810,1718414308,2005657079,611244002,1614640124,639688870,1823216672,1169327796,976084392,1822247349,484307612,1511585752,1326038450,187290586,1744142396,8954093,332825662,1361735671,1551749646,249402794,796016296,780247396,817612272,1014036047,793213163,1367131408
902250136,988486882,516867382,358561286,224362966,336030544,2076975594,82536398,947274546,1544132070,722225268,623007570,565976219,1698309660,297771272,1050283831,1062411764,1623809722,1237574417,659070512,1632763815,1570400079,2020806183,1037029813,1819802873,669338831,1817277210,489931498,1683374878,463006725,1857062906,438141367,1451493607
226446640,796702653,1675856574,562477184,726194600,1758392972,1509751730,122843022,333134592,2132759301,688819241,2031444253,283046925,1739103072,946372369,1906856647,829193841,1605442882,1392136814,252110273,1478765417,281682979,2071913146,620601,2098960189,414360996,1683995479,414483267,123940255,2122136846,1865976874,350386895,771355852
1394349800,912864080,1497550452,1005259124,275132162,1620393474,1338393717,260407815,161729068,1222354322,543454740,1900832140,21243043,302827739,582542334,1626685925,1694964553,834652607,957967695,1976647533,759082105,958588296,1928124074,1173443102,495100127,195123693,1297383357,469753326,2061100568,1647770252,1241109178,1307966720,413150684
591175982,165742197,688282847,64085808,1504135914,948690662,225814876,579006588,1492145403,2126647017,600249631,1794973142,561705703,79451909,1342454048,1396358310,1037419604,1171617933,7956767,1996007900,952258359,1181399869,343624379,1147382053,331299578,813377705,1060998973,1979069831,2054486883,221482045,244736867,498179217,387224242
933019714,562265026,1891360156,1881710377,788079902,322883096,1226372132,767243271,923132728,873861626,1328948974,1002584637,68832026,577823636,2040004241,1240449959,585780404,1888528493,45224671,1767180273,84669224,1192606724,2098479852,898046930,106122049,1930066035,805050165,327604094,27319254,1303229383,714828337,960338969,1865494409
458704845,694565698,506090663,781587942,1920937830,1273333935,1704720670,647315808,454799261,559821659,716147835,1032622898,452342252,1956597794,1618403302,193387097,2001822465,1238099927,278056321,1046945541,1189096131,1176103251,1153067590,971678518,1981153417,1480671685,998997773,1136899152,48016374,1959336742,854909913,506721219,506418792
1361000576,1288309161,279872974,486850863,845546183,927188782,941650125,1405367842,1643336617,1974273023,1857710094,1452450764,1445192677,2051097191,1306789581,535808956,181669865,206251475,1724905088,1357773116,1359319065,549099958,1191442885,692507102,1548097731,180858389,740523476,1359950825,1035768302,1247244696,1866369617,249285231,388070209
2146242591,736136094,1233616393,925947726,1677786219,491500587,421800695,1504575594,201727034,1874251459,802284623,105340577,1033557393,1338093580,287010442,1239808868,915515020,1644783559,451644285,1464614978,688742796,1144151388,865229062,869601186,1884674864,77696239,1905369488,984435912,1944065857,7171071,1372506122,1942824800,743307166
458638867,721288878,273609737,950139454,1143089574,1778185332,1151866488,869857385,432986307,1257207066,1903414778,1771079887,1544217508,995739998,539111259,1041517419,1447384284,2003726238,1730260216,444052024,721471652,452377754,181243240,799167891,210263594,1165679153,595750100,217434666,390701627,391091253,960741832,849340494,1112380131
1234351569,1799479948,107986057,865053253,803862789,977843443,1298039561,2061069855,733774573,921635800,1457803715,1729514572,1460747060,351837487,1029415208,1316989650,2082097703,1473467232,2038461302,386991809,1654710472,690145545,597255403,672905977,1285895646,814690069,1063607604,1676986899,1775431901,1912948098,641883382,862299823,1564944399
749869440,1727353076,221323540,1727712883,877908989,134909747,314003808,1799544790,1592713462,2043518380,1112808202,1944550949,925449940,282314204,1879165004,251433524,173291858,118673165,1906143997,863437403,715928569,431566326,1849401,1530618638,1495173931,1678836300,1158566892,1260638381,173236035,2020866715,678099132,923105475,1600736143
899422672,503334710,331161485,1034332419,817338518,2130706275,479562234,713373251,1096030829,276629535,1638823191,1378345033,8310892,1890256716,1551636891,126984057,1648917065,267590646,842912626,2080483391,269440048,226047617,1428173674,1948276348,1384614509,541328408,2121512383,1257997576,1219427540,897134210,711250071,2118850213,1400468920
1042411556,1005698984,70323791,1025634183,1485261218,783697042,2121665012,1761890754,275036585,1352526397,1770201646,17809653,756679640,1897185703,1666726718,1024270287,592614682,1599726462,1293710335,818662299,880416488,1094503035,55793160,1421744896,1068531771,1313790736,493688789,1965665981,2025040807,465055354,1218651254,919968716,1470754338
1288975045,1945602899,808531909,2072672087,1919784264,422939015,200225024,1124827013,45657013,218034678,1881506654,1942842716,1884761396,758293293,387973750,1337004210,2052003628,1206636049,69937051,999023015,1262429209,1491681947,2067554786,428736297,1985370736,1885737120,306293457,302942442,956904726,1226262173,1773696781,98396123,1024381424
434745042,23584562,796682040,857684057,223809586,1921509054,903341070,441844264,1655532060,698700138,179122013,266341705,1086673889,1516126223,170861685,145826290,1586063274,1169884700,1408255500,930261574,1089955839,1836991797,768148662,828209311,2143285254,1071091105,1785114037,1222063779,697304238,1883510160,98961556,1132049280,1907094722
895643596,1989733337,2130904308,669669002,745590759,425264925,177717414,1444290897,604386938,444059119,383481138,2120513161,614920804,529307429,1559092788,1784805505,1937562929,341870714,727277696,1627071078,1110019376,1555487007,1622872685,33626833,1193117396,697452816,730931071,929143908,796414372,1862980351,688754982,1692057969,1705230040
672175642,214243323,303337151,1097440567,391960738,1747628049,1701827505,836019857,2131109187,1674857019,1450940662,512932968,1086466159,1088262519,303012249,1428336873,1815540215,1930083328,390872601,1223543574,1405472365,424499435,269177322,2102925181,1155430506,1198321230,751855906,870927210,1887076212,296430227,428673602,411768206,510673550
732010754,1509208774,902634288,332155155,1063552631,1738654146,315780694,590926002,1042111160,828713663,1677392161,2130373679,1131725912,958245386,1798430246,914325592,1349117988,874490172,172314309,1773617423,1143667494,127755843,781564281,194505076,879611749,1652491491,2081581288,1176041976,2081165094,345865846,1686715526,665692200,1855074620
441866167,997847355,771143604,33036665,1313628049,1362069606,1075147825,2142341712,891978120,1058037856,1126583977,1850223506,708984454,2040909569,1051857846,1583474626,65740231,677991621,579658472,193496074,1459555903,774163548,1073107823,964563746,708261188,101666151,898245192,1054127034,1788381677,1563937392,761718007,82764196,414301099
1532861611,115800861,1727929149,747447569,1190948686,1722787213,1639425689,101502894,701887542,1342165548,810487348,595313464,246539746,246478326,661053695,924531368,826136798,854549769,236603623,1600300346,1927657592,1201167369,161077886,2029323743,2099412562,1215204921,1670221772,1515866306,1976922928,1752985969,1930167406,1362300891,1868786830
1510612907,2109748460,912251869,1085916472,1601690502,1013754763,1787804015,796372402,1824242112,235633831,1042912148,2070720438,896687526,1967443516,749373589,1751237295,56563491,202190287,1531411239,1257730861,363268174,1413251334,1209659775,1578473095,935989458,578042433,1407912375,541491779,360726191,622729618,262794962,1871339098,584994430
1175046831,809771923,39201284,41317946,450092290,835573686,1865560058,685726121,1878485835,1788796849,1582413647,1698445703,390686790,1186167294,1755009195,592877077,570094885,865256408,956145251,1983346219,2074916183,387134698,771852029,505474968,1795047073,1313343809,866201160,270293043,1576138771,590056610,855287474,603701954,1399828533
894488758,645019900,1849920823,1730062445,363096311,388163296,1461064632,4409512,1970576943,1012026687,395096302,1009260589,619552234,987973379,1579355474,1484808642,1944118631,1415218045,1412241177,183769681,39586427,1917716146,1978816755,1352930236,636433658,101626150,781585359,1226490268,956913624,1385287313,478835154,1851402383,2030307213
181272329,1433981180,245919876,569435626,747562164,250329388,392528921,1759588851,645425690,1401789511,231657438,1633399070,833661337,1716466080,1430034053,101395735,981223610,1613803734,140982162,751456108,1445136841,1493912398,1387889766,1546762992,128014109,466896386,356192968,1513301422,945731540,60111703,1396124987,1127003870,1494092883
1642044864,1696439496,94171399,1892374252,2088968417,1853760251,390316295,1343274280,2085417689,2023715365,29451970,1654400121,1306265770,130847705,488140083,772585856,271829867,1239596191,70239050,1765742265,480002309,1617002042,1893756374,946898696,1973195010,1259574148,1892630236,2033306714,508215487,872150458,1379915949,2776703,421106306
1474087349,1895150956,362591076,1180363952,137983603,1705865356,1118297993,14215320,1735317326,625214466,1320481090,1866165031,1113354550,2093066946,2137994898,205467093,15822348,1756253515,685469403,1632824390,1502526241,1632368099,1458535753,614616741,1377514687,1344358819,1122832229,102181498,576791120,1125608932,523287804,2050878469,873276240
885878880,1083758773,1011259843,444260589,54573118,1025475163,32094267,679787585,198472605,1898259299,1793142135,144055904,1888770549,1998609228,159878252,1497540417,536594983,1792702643,852583010,21479434,1103754748,1467199752,1398994122,300629919,442548333,1501175620,877421039,1568157265,2024463424,780815861,293949858,762858657,1864574634
1305209701,1207119246,1919147753,183201217,1239213513,451451690,381673822,989989164,97110177,525729726,731276066,2095719405,685607979,81332835,484830741,330826974,933915845,506310175,1434581722,253631949,1905304297,1735211641,696180282,1258996269,465149032,116853900,1135976046,1245964893,410803758,1898834703,963055880,1716013459,958470301
734719985,1899214676,50200166,1186171675,133404851,1040189331,1283281852,659134577,1771465397,1231517609,1344742556,1852798232,1716348350,1675569530,639230429,75174878,962667604,892862379,1980479175,550395597,1589042661,1091991797,1015544630,1705896561,80484195,114025875,2116700319,1979318898,1077081755,1685230131,790305551,1811801740,1436961159
840505717,850489767,1570366010,1880695048,2133771619,82016940,1504676797,1217805581,1426759496,1209991381,786670283,954845379,1849221811,861845161,1917512983,594600542,694840689,320424933,36159555,1786832486,1335969563,1742056117,1867316681,1449995438,1711272788,1699151931,379593546,1249019271,341973834,43911638,538496783,1182479551,894401406
2108862793,915690952,880689377,43396085,272884101,2098494958,1470155582,1482875483,737681594,277517313,1184613646,1599526755,47546648,1779214188,146883796,367971581,1815373743,1933716282,1703941144,1409946212,1653549315,1006452935,973735353,1205217598,1386046481,75270976,1547191432,1429958119,613767759,582187336,176875877,575146905,1497878288
1057565255,618542990,1770762389,1008576565,2088698572,1106154224,1746258159,218732237,143284222,1198301267,266278886,1922498410,1345185063,634250467,1590388506,1131417698,190707964,852851070,637483365,1197160899,1826586423,1842700964,435723732,1901857400,1242408748,1865681851,368141511,1824596084,2042557729,943288416,1174990724,952639336,1561831407
798269466,1961215901,1503046331,1904423690,1559990413,1721778569,2047707913,610808032,1988057455,1822722675,1955993095,474824274,1265627533,939927145,665532238,2118478604,1577410511,1862693137,1797581379,1272627827,150933221,1551955131,367552927,2016615073,1920096643,44665364,1911689154,715901411,1219656088,716844842,130249170,2017925554,530577095
1633295502,1774865597,2090567508,1207590423,1675089862,553891892,1048164230,1350328889,362401340,1522988504,468472775,1302328485,41037095,439467731,732255348,1903730232,89565462,2004883175,2054663454,1641520594,224952455,1923794879,1414133589,269617819,1688000385,2130035000,1489273907,257361579,112800523,1359715814,787938674,1746096025,987097763
731022535,806202800,514703977,1284914427,1854367030,1865032866,1647315767,1229871886,186021993,802160605,1270908981,625489724,1534415953,1027155566,715055187,1391815481,934335372,209092133,1616767936,710646603,1623225722,1886385755,251163340,1605777074,1228176014,508524919,1718577597,440408180,1296463593,1317189974,1427505943,2027486128,2123392774
1942209920,1164916908,1830276156,1659759139,664749027,912664395,1845781132,1466909632,36089728,323787209,853841938,1063245294,1038842396,98173771,1997580666,1247934529,1714941707,560743621,723676603,1453843814,811906961,181970029,534536180,1320431880,1900547627,974944361,469411826,1070253953,254966656,349414306,1046163080,49692929,1514331214
728955588,1709452068,31596594,1641619983,1407749552,1498506226,1677709712,1731536761,204864516,593471358,622895509,303038287,443568377,1870830038,2017979994,1004311998,447022993,1324340160,1816218960,628993023,1858876341,989167192,382057002,686337054,1458579018,1452310955,941303710,1807993325,350990387,990996639,1174840891,1079945976,552965059
1206437485,574082311,1960714612,557460064,104308375,1544767725,762324580,697779734,20179587,1065362868,1141348111,1891009625,935859214,2145660109,190548971,112715727,1814395421,819541994,1971592068,656078966,1201598996,510445474,2114657984,506426303,1451749184,1775167661,857416691,295262176,802524905,1937362667,848227235,2008962390,363961330
661458199,418938806,468269706,58742277,1181263387,1166049440,78921864,99142607,159913903,1969931489,1035001821,158090364,12996812,1147717548,1972485786,832538806,971825968,481081104,2034137802,1482271442,448255440,393080458,786536979,75939454,1250497149,1081799155,878464359,1040376168,1930026390,739943101,1404337498,444000942,1158881908
1872607204,502743219,192661647,891172996,581665083,291804254,1051086899,404112924,1326806075,1209177264,417109737,327039976,1034179402,1249648543,1298865944,1515260506,1136302698,633653739,1963515946,1529383156,1420190718,2039455400,632396657,354506225,770436111,1672772825,137048967,1510379213,929626675,581049909,521777473,654750232,1083793128
714439120,1545923228,1665458211,1006243374,449526480,2069571136,185565801,1658703744,339197225,512605777,545399498,1588845768,1811471722,2060660004,577664818,297641813,1876692302,2107047974,1717832531,1768664055,591960983,2072338756,391616518,117250160,61904075,1901995731,1046876836,642953985,276289556,1701627068,1726747113,990728676,1100066648
1244721677,1996972050,1549593128,1166809165,35054204,1060813224,1506006390,547659981,1606212722,947368510,211648055,1519389078,1525033329,509289868,1248597733,1484597655,79638751,869778140,2076558639,4493859,1261394658,46325151,66397935,1015906742,1093201987,709351920,1292196298,647345407,288615385,135441327,1747412056,1533337062,2132413377
1149521536,552662579,19983933,62851113,2058668969,567643915,1669063835,858553832,779291970,1040969266,236103513,1288581839,142083351,1720701168,1368220590,1011861491,1649776159,1372714450,125772501,1696101311,1439112385,1141679243,641819650,980657,286391894,1289165058,289596042,421833221,889093466,1822933105,406762950,2038615002,228112036
426746884,2101466115,139297358,994390799,1623046303,997851190,1773682769,516531921,1233954703,914780960,658615272,807172223,135517903,1670476763,309464735,1508232353,1796249264,2005566046,799861090,790444860,499902048,800841747,1076836754,1789067106,1090437789,1498669975,530676924,765887246,1905432925,421808279,993999283,184696161,375790746
1133296641,1179086960,1998837049,2131147831,805286082,367885322,1217618886,1720067042,1026500594,2024791109,1855584945,549493709,186772196,1216333650,198259326,44854594,2016194740,988704186,544756643,669552839,2065540940,186340101,1759990629,1416727267,717017026,378394227,1174676544,1138825305,1372393510,1359372706,1514616051,358206503,390976018
1365969453,341870686,1196262100,1733854775,1559489572,768845495,612871722,1436797034,476946792,1162365431,1623569230,1693280443,1360624757,1668423825,1561991535,201845295,65696820,84060727,119902587,252036921,1844051356,1536629854,969053947,74961935,563822751,2107879252,1447355446,1923195457,1475011656,1805561949,166687827,693497461,2147432636
1362949928,279868588,1559438560,2131795423,892740310,848751946,461258567,2055105742,324837529,7055362,1268246851,1993261354,1569046898,1470092147,2058958174,1653107625,1589994734,163511447,1349675333,979140941,1132565395,1424637268,1542963692,1092960999,724509066,1318675501,420489007,382587368,1485363328,1113986468,382536356,700829608,1393855057
1941974916,685141383,139111719,643243215,1146399951,46733813,968080744,1153455313,1314980665,813858450,575018563,637589164,725332976,80642540,80100250,888844423,1430317873,1059241191,2021409818,707471494,454721235,966887170,1431980560,1773396736,1387376177,1814567928,1111276417,353878998,49620636,1812106025,1747734055,1991595553,349763761
